2.479398999999999944e+02
3.957099999999999795e+01
5.046992999999999796e+01
9.269576000000000704e+00
2.167820999999999998e+00
1.767431999999999892e+00
1.294170000000000043e+00
3.184911000000000270e-01
2.329645999999999939e-01
2.180632999999999877e-01
5.421975999999999879e-02
3.864399999999999780e-02
3.735866999999999660e-02
9.355906000000000639e-03
6.560700000000000039e-03
5.428137000000000413e-03
1.361320999999999972e-03
9.638369000000000146e-04
7.156581000000000184e-04
1.801923999999999995e-04
1.268269000000000037e-04
1.082719000000000026e-04
8.345070000000000385e-05
1.511357999999999972e-04
3.041332000000000039e-05
1.285046000000000063e-05
9.310600000000000270e-06
7.602124999999999657e-06
6.269406999999999621e-06
1.353640999999999912e-06
7.543808999999999917e-07
