2.473462000000000103e+02
3.991808999999999941e+01
5.384575000000000244e+01
9.018758999999999304e+00
2.060000000000000053e+00
1.766618000000000022e+00
1.148927000000000032e+00
2.776627999999999874e-01
2.056965000000000043e-01
1.844339999999999868e-01
4.515558000000000072e-02
3.247954000000000119e-02
2.869178000000000006e-02
7.047669000000000329e-03
5.023566999999999616e-03
3.516281999999999915e-03
8.707009999999999837e-04
6.210394000000000157e-04
4.281026999999999966e-04
1.065847999999999964e-04
7.637954000000000564e-05
6.002339999999999862e-05
1.946306000000000064e-05
1.607738999999999889e-05
3.337556000000000339e-05
5.518725000000000258e-05
3.010614999999999974e-05
3.160721000000000023e-06
5.209720999999999803e-07
