2.476862000000000137e+02
3.947088000000000108e+01
4.880075000000000074e+01
1.529806999999999917e+01
1.620952000000000126e+01
3.691669999999999785e+00
7.723027999999999560e-01
4.477501999999999871e-01
5.575533999999999768e-01
2.927794000000000230e-01
6.099463000000000107e-02
1.461413999999999942e-02
9.849988000000000493e-03
1.525575000000000021e-02
3.350024999999999965e-03
1.403214000000000067e-03
3.437940000000000223e-04
2.235580000000000032e-04
5.854706000000000320e-04
6.897891999999999923e-05
5.494424999999999830e-05
3.773170000000000332e-05
4.676401000000000223e-05
1.123360000000000032e-05
7.743869000000000718e-06
6.954434999999999765e-06
4.674042000000000370e-06
3.795520000000000042e-06
3.388781999999999990e-06
5.960346000000000345e-06
3.841835000000000123e-06
2.557120999999999992e-06
2.336683999999999988e-06
4.572169000000000236e-06
8.535081000000000140e-07
