1.439995000000000047e+01
4.598397000000000290e+00
1.752059999999999951e+00
9.241519999999999735e-01
1.041636000000000006e+00
3.612466999999999762e-01
2.891332999999999820e-01
1.628689000000000109e-01
1.694197000000000064e-01
5.179175999999999919e-02
6.218589000000000061e-02
6.218589000000000061e-02
6.550498999999999905e-02
4.107283999999999935e-02
2.815996000000000124e-02
1.327644000000000046e-02
9.451114999999999516e-03
5.669971999999999686e-03
3.820683999999999973e-03
2.302061000000000211e-03
9.656464000000000453e-04
3.292195999999999946e-04
8.165373999999999658e-05
8.165373999999999658e-05
